two_theta,intensity
20.00,194.16
20.05,198.56
20.10,201.96
20.15,201.36
20.20,200.75
20.25,199.14
20.30,202.53
20.35,203.92
20.40,205.30
20.45,200.68
20.50,205.06
20.55,203.44
20.60,200.81
20.65,207.18
20.70,209.55
20.75,199.92
20.80,213.28
20.85,209.64
20.90,201.00
20.95,204.35
21.00,206.70
21.05,208.05
21.10,204.39
21.15,204.73
21.20,207.07
21.25,209.40
21.30,208.73
21.35,213.06
21.40,205.38
21.45,205.70
21.50,214.01
21.55,206.32
21.60,212.63
21.65,213.93
21.70,210.23
21.75,210.52
21.80,205.82
21.85,214.10
21.90,212.38
21.95,213.66
22.00,213.93
22.05,209.20
22.10,217.46
22.15,209.72
22.20,214.98
22.25,212.23
22.30,216.47
22.35,217.71
22.40,209.95
22.45,214.18
22.50,217.41
22.55,211.63
22.60,214.84
22.65,214.05
22.70,218.26
22.75,212.46
22.80,217.66
22.85,220.85
22.90,221.03
22.95,217.21
23.00,218.38
23.05,217.55
23.10,212.72
23.15,214.88
23.20,222.03
23.25,206.18
23.30,220.32
23.35,213.45
23.40,220.58
23.45,212.71
23.50,218.83
23.55,218.94
23.60,216.05
23.65,220.15
23.70,217.25
23.75,223.34
23.80,217.42
23.85,220.50
23.90,217.58
23.95,219.64
24.00,211.71
24.05,226.76
24.10,214.81
24.15,221.86
24.20,222.89
24.25,224.93
24.30,216.95
24.35,219.97
24.40,217.99
24.45,211.00
24.50,217.00
24.55,223.00
24.60,217.99
24.65,214.97
24.70,226.95
24.75,219.93
24.80,214.89
24.85,224.86
24.90,218.81
24.95,228.76
25.00,216.71
25.05,213.64
25.10,214.58
25.15,216.50
25.20,215.42
25.25,223.34
25.30,210.25
25.35,219.15
25.40,221.05
25.45,226.94
25.50,223.83
25.55,216.71
25.60,217.58
25.65,225.45
25.70,215.32
25.75,213.18
25.80,223.03
25.85,220.88
25.90,214.72
25.95,220.55
26.00,218.38
26.05,221.21
26.10,219.03
26.15,217.85
26.20,218.66
26.25,218.46
26.30,218.26
26.35,218.05
26.40,216.84
26.45,212.63
26.50,218.41
26.55,217.18
26.60,221.95
26.65,216.71
26.70,209.47
26.75,221.23
26.80,219.98
26.85,223.72
26.90,213.46
26.95,217.20
27.00,208.93
27.05,214.66
27.10,209.38
27.15,205.10
27.20,207.82
27.25,210.52
27.30,208.23
27.35,202.93
27.40,207.63
27.45,208.32
27.50,215.01
27.55,207.70
27.60,207.38
27.65,207.06
27.70,212.73
27.75,212.40
27.80,204.07
27.85,209.73
27.90,207.39
27.95,200.05
28.00,209.70
28.05,208.35
28.10,204.00
28.15,200.64
28.20,200.28
28.25,203.92
28.30,210.55
28.35,205.18
28.40,199.81
28.45,204.44
28.50,204.06
28.55,198.68
28.60,206.30
28.65,198.92
28.70,203.53
28.75,201.14
28.80,199.75
28.85,201.36
28.90,194.96
28.95,199.56
29.00,200.16
29.05,206.76
29.10,199.36
29.15,195.95
29.20,202.54
29.25,193.13
29.30,195.72
29.35,190.31
29.40,198.90
29.45,194.48
29.50,191.07
29.55,199.65
29.60,188.23
29.65,195.81
29.70,193.39
29.75,194.96
29.80,197.54
29.85,188.12
29.90,190.69
29.95,191.27
30.00,193.84
30.05,193.41
30.10,190.99
30.15,191.56
30.20,193.13
30.25,189.70
30.30,190.27
30.35,185.84
30.40,181.41
30.45,191.98
30.50,191.56
30.55,190.13
30.60,186.70
30.65,184.27
30.70,197.84
30.75,184.41
30.80,178.98
30.85,182.55
30.90,187.12
30.95,183.70
31.00,178.27
31.05,181.84
31.10,189.42
31.15,187.99
31.20,182.57
31.25,182.14
31.30,179.72
31.35,173.30
31.40,176.88
31.45,177.46
31.50,180.05
31.55,178.64
31.60,178.26
31.65,179.92
31.70,176.66
31.75,181.55
31.80,175.73
31.85,180.41
31.90,183.86
31.95,182.52
32.00,184.85
32.05,206.40
32.10,200.62
32.15,211.76
32.20,227.68
32.25,240.74
32.30,256.73
32.35,277.99
32.40,301.57
32.45,304.64
32.50,312.81
32.55,304.45
32.60,301.84
32.65,287.08
32.70,269.88
32.75,251.19
32.80,229.80
32.85,215.15
32.90,198.08
32.95,185.93
33.00,181.59
33.05,171.65
33.10,174.62
33.15,165.97
33.20,158.25
33.25,164.13
33.30,162.37
33.35,168.82
33.40,164.37
33.45,161.97
33.50,159.61
33.55,159.26
33.60,170.91
33.65,162.57
33.70,157.24
33.75,162.90
33.80,162.57
33.85,170.24
33.90,165.91
33.95,162.59
34.00,169.27
34.05,156.95
34.10,156.63
34.15,158.32
34.20,158.01
34.25,159.70
34.30,153.39
34.35,161.09
34.40,155.79
34.45,150.51
34.50,163.24
34.55,157.01
34.60,157.88
34.65,152.95
34.70,155.44
34.75,155.75
34.80,159.57
34.85,163.06
34.90,172.96
34.95,189.73
35.00,223.53
35.05,252.97
35.10,320.63
35.15,396.12
35.20,495.06
35.25,607.97
35.30,735.63
35.35,871.03
35.40,978.46
35.45,1079.41
35.50,1132.04
35.55,1146.66
35.60,1114.38
35.65,1043.54
35.70,948.75
35.75,815.82
35.80,684.23
35.85,556.79
35.90,450.05
35.95,356.71
36.00,287.89
36.05,238.02
36.10,202.00
36.15,183.16
36.20,165.00
36.25,155.63
36.30,153.90
36.35,152.31
36.40,145.91
36.45,141.14
36.50,145.69
36.55,150.39
36.60,145.15
36.65,145.95
36.70,144.76
36.75,140.58
36.80,141.40
36.85,141.22
36.90,142.05
36.95,145.87
37.00,149.70
37.05,144.54
37.10,141.37
37.15,147.21
37.20,139.05
37.25,142.89
37.30,139.73
37.35,139.58
37.40,143.43
37.45,144.28
37.50,139.13
37.55,136.99
37.60,138.85
37.65,154.72
37.70,143.61
37.75,140.56
37.80,144.62
37.85,147.93
37.90,139.71
37.95,150.43
38.00,143.81
38.05,149.07
38.10,163.95
38.15,182.88
38.20,218.84
38.25,250.12
38.30,312.76
38.35,389.69
38.40,476.79
38.45,592.00
38.50,703.84
38.55,822.64
38.60,924.68
38.65,1007.99
38.70,1053.63
38.75,1057.71
38.80,1015.67
38.85,946.40
38.90,846.18
38.95,733.75
39.00,610.05
39.05,498.29
39.10,402.61
39.15,320.75
39.20,260.35
39.25,216.82
39.30,181.26
39.35,164.37
39.40,153.09
39.45,143.86
39.50,147.81
39.55,144.63
39.60,139.49
39.65,137.91
39.70,140.60
39.75,134.43
39.80,135.32
39.85,136.23
39.90,137.16
39.95,136.09
40.00,141.02
40.05,144.96
40.10,139.89
40.15,133.83
40.20,140.77
40.25,145.71
40.30,140.65
40.35,134.59
40.40,134.54
40.45,136.48
40.50,134.43
40.55,140.37
40.60,136.32
40.65,143.27
40.70,135.22
40.75,136.17
40.80,138.12
40.85,134.07
40.90,132.03
40.95,135.98
41.00,135.94
41.05,140.89
41.10,139.85
41.15,140.81
41.20,141.77
41.25,139.73
41.30,138.69
41.35,143.65
41.40,135.61
41.45,136.57
41.50,133.54
41.55,133.50
41.60,134.46
41.65,132.43
41.70,132.40
41.75,135.36
41.80,137.33
41.85,141.30
41.90,138.27
41.95,135.24
42.00,136.21
42.05,133.18
42.10,133.15
42.15,136.12
42.20,133.10
42.25,135.07
42.30,135.04
42.35,136.02
42.40,137.99
42.45,138.97
42.50,137.94
42.55,134.92
42.60,137.90
42.65,137.88
42.70,135.85
42.75,131.83
42.80,129.81
42.85,137.79
42.90,135.77
42.95,133.75
43.00,132.73
43.05,136.71
43.10,133.70
43.15,134.68
43.20,140.66
43.25,133.64
43.30,133.63
43.35,138.61
43.40,137.60
43.45,137.58
43.50,134.56
43.55,133.55
43.60,136.54
43.65,137.52
43.70,135.51
43.75,136.49
43.80,138.48
43.85,133.47
43.90,140.46
43.95,133.44
44.00,135.43
44.05,137.42
44.10,139.41
44.15,133.40
44.20,137.39
44.25,136.38
44.30,139.37
44.35,128.36
44.40,137.35
44.45,129.34
44.50,132.33
44.55,140.32
44.60,133.31
44.65,135.30
44.70,135.29
44.75,134.29
44.80,136.28
44.85,133.27
44.90,129.26
44.95,133.26
45.00,129.25
45.05,137.24
45.10,135.23
45.15,137.23
45.20,135.22
45.25,132.21
45.30,130.21
45.35,137.20
45.40,134.20
45.45,135.19
45.50,130.19
45.55,135.18
45.60,143.18
45.65,137.17
45.70,134.17
45.75,138.16
45.80,136.16
45.85,134.15
45.90,137.15
45.95,142.14
46.00,142.14
46.05,137.13
46.10,145.13
46.15,139.13
46.20,142.12
46.25,138.12
46.30,137.12
46.35,133.11
46.40,135.11
46.45,137.11
46.50,132.10
46.55,133.10
46.60,140.10
46.65,134.09
46.70,135.09
46.75,134.09
46.80,137.09
46.85,138.08
46.90,136.08
46.95,134.08
47.00,137.08
47.05,138.07
47.10,128.07
47.15,139.07
47.20,136.07
47.25,140.06
47.30,135.06
47.35,132.06
47.40,136.06
47.45,131.06
47.50,134.06
47.55,129.06
47.60,135.06
47.65,129.07
47.70,142.09
47.75,132.14
47.80,133.25
47.85,132.49
47.90,140.95
47.95,137.83
48.00,143.41
48.05,139.14
48.10,144.61
48.15,147.60
48.20,159.98
48.25,175.64
48.30,191.29
48.35,228.21
48.40,250.01
48.45,288.45
48.50,314.38
48.55,345.90
48.60,384.69
48.65,406.57
48.70,418.07
48.75,417.88
48.80,402.16
48.85,376.46
48.90,347.46
48.95,310.40
49.00,277.55
49.05,246.70
49.10,216.80
49.15,191.93
49.20,177.31
49.25,162.57
49.30,154.94
49.35,142.52
49.40,142.45
49.45,142.00
49.50,140.58
49.55,142.80
49.60,131.39
49.65,139.19
49.70,132.09
49.75,138.05
49.80,139.03
49.85,133.02
49.90,132.01
49.95,148.01
50.00,139.01
50.05,127.01
50.10,138.01
50.15,139.01
50.20,136.01
50.25,129.01
50.30,136.01
50.35,135.01
50.40,134.01
50.45,139.01
50.50,132.01
50.55,135.01
50.60,135.01
50.65,132.01
50.70,138.01
50.75,134.01
50.80,134.01
50.85,131.01
50.90,132.01
50.95,134.01
51.00,140.00
51.05,134.00
51.10,142.00
51.15,138.00
51.20,140.00
51.25,134.00
51.30,131.00
51.35,137.00
51.40,136.00
51.45,136.00
51.50,136.00
51.55,139.00
51.60,135.00
51.65,136.00
51.70,134.00
51.75,136.00
51.80,128.00
51.85,135.00
51.90,139.00
51.95,137.00
52.00,136.00
52.05,142.00
52.10,131.00
52.15,139.00
52.20,132.00
52.25,137.00
52.30,132.00
52.35,131.01
52.40,138.01
52.45,131.02
52.50,129.05
52.55,138.12
52.60,128.24
52.65,141.50
52.70,139.97
52.75,130.81
52.80,137.24
52.85,136.59
52.90,139.25
52.95,146.69
53.00,153.39
53.05,161.77
53.10,182.04
53.15,199.08
53.20,223.35
53.25,227.82
53.30,252.05
53.35,276.27
53.40,282.73
53.45,283.92
53.50,291.87
53.55,290.35
53.60,277.90
53.65,273.74
53.70,246.49
53.75,227.97
53.80,206.83
53.85,190.35
53.90,176.38
53.95,162.28
54.00,155.01
54.05,144.26
54.10,139.60
54.15,137.52
54.20,135.58
54.25,135.41
54.30,135.74
54.35,145.37
54.40,137.18
54.45,131.08
54.50,136.04
54.55,133.02
54.60,133.01
54.65,137.00
54.70,133.00
54.75,133.00
54.80,130.00
54.85,134.00
54.90,139.00
54.95,133.00
55.00,138.00
55.05,131.00
55.10,139.00
55.15,144.00
55.20,133.00
55.25,141.00
55.30,130.00
55.35,134.00
55.40,132.00
55.45,132.00
55.50,134.00
55.55,130.00
55.60,138.00
55.65,136.00
55.70,133.00
55.75,133.00
55.80,132.00
55.85,128.00
55.90,134.00
55.95,138.00
56.00,132.00
56.05,136.00
56.10,136.00
56.15,128.00
56.20,133.00
56.25,126.00
56.30,136.00
56.35,141.00
56.40,131.00
56.45,131.00
56.50,131.00
56.55,137.00
56.60,133.00
56.65,136.00
56.70,133.00
56.75,133.00
56.80,139.00
56.85,133.00
56.90,133.00
56.95,134.00
57.00,134.00
57.05,132.00
57.10,132.00
57.15,133.01
57.20,131.02
57.25,137.05
57.30,130.11
57.35,132.24
57.40,138.48
57.45,142.93
57.50,137.73
57.55,138.10
57.60,141.34
57.65,150.85
57.70,141.11
57.75,152.63
57.80,156.88
57.85,182.18
57.90,189.57
57.95,218.69
58.00,242.67
58.05,261.19
58.10,277.52
58.15,295.79
58.20,311.22
58.25,312.44
58.30,311.74
58.35,307.20
58.40,294.67
58.45,281.64
58.50,257.92
58.55,241.38
58.60,210.68
58.65,200.06
58.70,177.27
58.75,162.59
58.80,157.92
58.85,146.90
58.90,145.03
58.95,137.80
59.00,141.77
59.05,141.53
59.10,133.81
59.15,133.42
59.20,135.21
59.25,136.10
59.30,135.04
59.35,133.02
59.40,143.01
59.45,135.00
59.50,138.00
59.55,140.00
59.60,131.00
59.65,126.00
59.70,131.00
59.75,132.00
59.80,142.00
59.85,134.00
59.90,134.00
59.95,132.00
60.00,129.00
60.05,134.00
60.10,133.00
60.15,134.00
60.20,133.00
60.25,127.00
60.30,140.00
60.35,140.01
60.40,133.02
60.45,139.04
60.50,134.08
60.55,135.18
60.60,130.36
60.65,135.71
60.70,133.34
60.75,134.45
60.80,134.31
60.85,150.31
60.90,144.92
60.95,159.72
61.00,165.30
61.05,178.20
61.10,194.73
61.15,216.90
61.20,239.19
61.25,264.56
61.30,287.41
61.35,313.70
61.40,339.24
61.45,350.97
61.50,365.33
61.55,355.50
61.60,340.58
61.65,328.53
61.70,315.07
61.75,288.29
61.80,258.39
61.85,230.33
61.90,207.59
61.95,192.13
62.00,177.33
62.05,162.14
62.10,148.16
62.15,143.84
62.20,138.60
62.25,144.87
62.30,137.18
62.35,139.18
62.40,132.62
62.45,131.31
62.50,130.15
62.55,135.07
62.60,133.03
62.65,135.01
62.70,131.01
62.75,137.00
62.80,133.00
62.85,139.00
62.90,135.00
62.95,135.00
63.00,138.00
63.05,134.00
63.10,136.00
63.15,132.00
63.20,138.00
63.25,136.00
63.30,136.00
63.35,135.00
63.40,135.00
63.45,131.00
63.50,134.00
63.55,144.00
63.60,138.00
63.65,136.00
63.70,133.00
63.75,133.00
63.80,129.00
63.85,139.00
63.90,133.00
63.95,130.00
64.00,136.00
64.05,135.00
64.10,136.00
64.15,128.00
64.20,137.00
64.25,133.00
64.30,142.00
64.35,134.00
64.40,138.00
64.45,137.00
64.50,135.00
64.55,140.00
64.60,139.00
64.65,134.00
64.70,135.00
64.75,129.00
64.80,136.00
64.85,136.00
64.90,132.00
64.95,136.00
65.00,131.00
65.05,132.01
65.10,134.02
65.15,140.05
65.20,134.11
65.25,144.22
65.30,129.43
65.35,139.81
65.40,138.49
65.45,137.65
65.50,143.53
65.55,143.48
65.60,148.91
65.65,153.28
65.70,159.07
65.75,181.68
65.80,189.30
65.85,199.85
65.90,221.84
65.95,250.36
66.00,265.06
66.05,294.28
66.10,309.27
66.15,318.41
66.20,316.45
66.25,324.77
66.30,316.44
66.35,307.22
66.40,286.44
66.45,263.78
66.50,235.99
66.55,218.69
66.60,202.12
66.65,183.13
66.70,182.12
66.75,157.10
66.80,154.83
66.85,147.88
66.90,137.79
66.95,134.10
67.00,136.40
67.05,135.39
67.10,138.85
67.15,136.65
67.20,133.73
67.25,134.10
67.30,139.88
67.35,137.23
67.40,134.44
67.45,147.87
67.50,143.98
67.55,160.26
67.60,159.22
67.65,186.26
67.70,199.56
67.75,216.01
67.80,230.03
67.85,258.62
67.90,285.30
67.95,305.30
68.00,318.73
68.05,339.87
68.10,350.41
68.15,344.67
68.20,337.74
68.25,320.42
68.30,296.12
68.35,276.64
68.40,252.84
68.45,235.46
68.50,215.89
68.55,198.04
68.60,177.39
68.65,164.99
68.70,161.61
68.75,146.80
68.80,147.07
68.85,143.91
68.90,141.88
68.95,135.63
69.00,145.89
69.05,140.47
69.10,136.24
69.15,132.12
69.20,133.06
69.25,131.03
69.30,137.01
69.35,134.00
69.40,134.00
69.45,139.00
69.50,138.00
69.55,136.00
69.60,135.00
69.65,142.00
69.70,137.00
69.75,139.00
69.80,136.00
69.85,132.00
69.90,128.00
69.95,139.00
70.00,134.00
